0.000000000000000000e+00 0.000000000000000000e+00 1.644464731216430664e+01 0.000000000000000000e+00
0.000000000000000000e+00 1.010388955473899841e+00 1.608321905136108398e+01 0.000000000000000000e+00
1.032501310110092163e+00 1.194688752293586731e+00 1.116509437561035156e+01 2.320119440555572510e+00
1.272158920764923096e+00 0.000000000000000000e+00 1.468862295150756836e+01 4.609235748648643494e-01
0.000000000000000000e+00 0.000000000000000000e+00 1.644464731216430664e+01 0.000000000000000000e+00
0.000000000000000000e+00 1.010388955473899841e+00 1.608321905136108398e+01 0.000000000000000000e+00
1.032501310110092163e+00 1.194688752293586731e+00 1.116509437561035156e+01 2.320119440555572510e+00
1.272158920764923096e+00 0.000000000000000000e+00 1.468862295150756836e+01 4.609235748648643494e-01
6.282560825347900391e+00 0.000000000000000000e+00 0.000000000000000000e+00 0.000000000000000000e+00
4.986726641654968262e+00 7.673879712820053101e-01 1.684910058975219727e+00 0.000000000000000000e+00
5.573118925094604492e+00 7.458227127790451050e-01 0.000000000000000000e+00 9.898351877927780151e-01
3.812938928604125977e+00 7.112590968608856201e-01 1.490892618894577026e+00 3.256084024906158447e+00
6.282560825347900391e+00 0.000000000000000000e+00 0.000000000000000000e+00 0.000000000000000000e+00
4.986726641654968262e+00 7.673879712820053101e-01 1.684910058975219727e+00 0.000000000000000000e+00
5.573118925094604492e+00 7.458227127790451050e-01 0.000000000000000000e+00 9.898351877927780151e-01
3.812938928604125977e+00 7.112590968608856201e-01 1.490892618894577026e+00 3.256084024906158447e+00
0.000000000000000000e+00 0.000000000000000000e+00 0.000000000000000000e+00 6.448839306831359863e+00
0.000000000000000000e+00 0.000000000000000000e+00 0.000000000000000000e+00 6.292345523834228516e+00
0.000000000000000000e+00 0.000000000000000000e+00 0.000000000000000000e+00 6.933655738830566406e+00
3.984718397259712219e-01 0.000000000000000000e+00 5.958090350031852722e-01 4.915265738964080811e+00
0.000000000000000000e+00 0.000000000000000000e+00 0.000000000000000000e+00 6.448839306831359863e+00
0.000000000000000000e+00 0.000000000000000000e+00 0.000000000000000000e+00 6.292345523834228516e+00
0.000000000000000000e+00 0.000000000000000000e+00 0.000000000000000000e+00 6.933655738830566406e+00
3.984718397259712219e-01 0.000000000000000000e+00 5.958090350031852722e-01 4.915265738964080811e+00
0.000000000000000000e+00 8.151590228080749512e+00 7.519182562828063965e-01 0.000000000000000000e+00
0.000000000000000000e+00 7.013118863105773926e+00 0.000000000000000000e+00 1.502496302127838135e+00
0.000000000000000000e+00 6.307678818702697754e+00 3.066064417362213135e+00 0.000000000000000000e+00
0.000000000000000000e+00 7.418743968009948730e+00 0.000000000000000000e+00 1.287360787391662598e+00
0.000000000000000000e+00 8.151590228080749512e+00 7.519182562828063965e-01 0.000000000000000000e+00
0.000000000000000000e+00 7.013118863105773926e+00 0.000000000000000000e+00 1.502496302127838135e+00
0.000000000000000000e+00 6.307678818702697754e+00 3.066064417362213135e+00 0.000000000000000000e+00
0.000000000000000000e+00 7.418743968009948730e+00 0.000000000000000000e+00 1.287360787391662598e+00
