0.000000000000000000e+00 1.303189396858215332e+00 0.000000000000000000e+00 1.142478346824645996e+01
1.223139837384223938e-01 2.536051273345947266e+00 0.000000000000000000e+00 1.098984599113464355e+01
0.000000000000000000e+00 0.000000000000000000e+00 0.000000000000000000e+00 1.342698216438293457e+01
8.343751728534698486e-01 1.072516739368438721e+00 3.138644620776176453e-01 1.233717560768127441e+01
0.000000000000000000e+00 1.303189396858215332e+00 0.000000000000000000e+00 1.142478346824645996e+01
1.223139837384223938e-01 2.536051273345947266e+00 0.000000000000000000e+00 1.098984599113464355e+01
0.000000000000000000e+00 0.000000000000000000e+00 0.000000000000000000e+00 1.342698216438293457e+01
8.343751728534698486e-01 1.072516739368438721e+00 3.138644620776176453e-01 1.233717560768127441e+01
5.755916237831115723e+00 6.689414731226861477e-03 1.697479933500289917e+00 2.660107910633087158e+00
5.539155602455139160e+00 0.000000000000000000e+00 1.946557871997356415e-01 1.977583467960357666e+00
6.527541279792785645e+00 1.027532517910003662e+00 4.726428911089897156e-01 0.000000000000000000e+00
6.939314603805541992e+00 1.890937611460685730e-01 0.000000000000000000e+00 2.623686008155345917e-01
5.755916237831115723e+00 6.689414731226861477e-03 1.697479933500289917e+00 2.660107910633087158e+00
5.539155602455139160e+00 0.000000000000000000e+00 1.946557871997356415e-01 1.977583467960357666e+00
6.527541279792785645e+00 1.027532517910003662e+00 4.726428911089897156e-01 0.000000000000000000e+00
6.939314603805541992e+00 1.890937611460685730e-01 0.000000000000000000e+00 2.623686008155345917e-01
0.000000000000000000e+00 0.000000000000000000e+00 7.820541262626647949e+00 0.000000000000000000e+00
0.000000000000000000e+00 0.000000000000000000e+00 9.397698044776916504e+00 5.879009608179330826e-02
6.336640100926160812e-02 0.000000000000000000e+00 8.681990504264831543e+00 0.000000000000000000e+00
0.000000000000000000e+00 5.951292347162961960e-02 8.753521442413330078e+00 0.000000000000000000e+00
0.000000000000000000e+00 0.000000000000000000e+00 7.820541262626647949e+00 0.000000000000000000e+00
0.000000000000000000e+00 0.000000000000000000e+00 9.397698044776916504e+00 5.879009608179330826e-02
6.336640100926160812e-02 0.000000000000000000e+00 8.681990504264831543e+00 0.000000000000000000e+00
0.000000000000000000e+00 5.951292347162961960e-02 8.753521442413330078e+00 0.000000000000000000e+00
5.481744185090065002e-02 9.056392908096313477e+00 7.010486721992492676e-01 0.000000000000000000e+00
0.000000000000000000e+00 1.020717978477478027e+01 0.000000000000000000e+00 6.253597885370254517e-01
0.000000000000000000e+00 9.968237280845642090e+00 7.084446027874946594e-02 1.964457482099533081e+00
0.000000000000000000e+00 1.023249983787536621e+01 0.000000000000000000e+00 1.089517027139663696e+00
5.481744185090065002e-02 9.056392908096313477e+00 7.010486721992492676e-01 0.000000000000000000e+00
0.000000000000000000e+00 1.020717978477478027e+01 0.000000000000000000e+00 6.253597885370254517e-01
0.000000000000000000e+00 9.968237280845642090e+00 7.084446027874946594e-02 1.964457482099533081e+00
0.000000000000000000e+00 1.023249983787536621e+01 0.000000000000000000e+00 1.089517027139663696e+00
